Bees: 6 mutation precent: 5
0 33.23895809739524 24.594186485466214
1 39.52434881087203 27.77463193657984
2 39.52434881087203 28.586258965647414
3 42.582106455266135 30.077387693469234
4 42.582106455266135 30.700264250660627
5 42.582106455266135 31.05889014722537
6 42.582106455266135 31.12495281238203
7 42.582106455266135 32.13476783691959
8 43.71460928652321 32.62551906379766
9 43.71460928652321 32.81426953567384
10 43.71460928652321 32.81426953567384
11 45.016987542468854 33.040770101925254
12 46.602491506228766 33.30502076255191
13 49.37712344280861 34.597961494903736
14 49.37712344280861 35.06040015100038
15 49.37712344280861 35.06040015100038
16 49.37712344280861 35.51340128350321
17 49.37712344280861 35.51340128350321
18 49.88674971687429 35.8154020385051
19 51.302378255945634 36.05134012835032
20 52.83125707814269 37.74065685164213
21 52.83125707814269 38.25972064930162
22 52.83125707814269 38.54284635711589
23 52.83125707814269 38.54284635711589
24 54.75651189127972 39.03359758399396
25 54.75651189127972 39.43941109852775
26 57.58776896942243 40.420913552283885
27 58.040770101925254 40.675726689316726
28 58.040770101925254 40.675726689316726
29 59.73952434881087 40.95885239713099
30 59.73952434881087 41.83654209135523
31 60.02265005662514 42.52548131370329
32 60.02265005662514 42.52548131370329
33 60.02265005662514 43.21442053605134
34 60.872027180067946 44.52623631559078
35 63.36353340883352 45.43223858059645
36 63.36353340883352 45.54548886372216
37 63.36353340883352 47.31030577576444
38 63.703284258210644 47.366930917327295
39 66.53454133635334 48.07474518686297
40 68.40317100792753 48.86749716874292
41 68.40317100792753 49.292185730464325
42 68.40317100792753 51.94412986032466
43 68.40317100792753 51.94412986032466
44 68.40317100792753 52.59531898829747
45 68.40317100792753 52.59531898829747
46 68.62967157417894 52.63306908267271
47 69.47904869762175 52.774631936579844
48 70.61155152887882 53.671196677991695
49 70.61155152887882 54.23744809362024
50 70.61155152887882 54.92638731596829
51 70.61155152887882 54.96413741034353
52 70.61155152887882 54.96413741034353
53 70.61155152887882 54.992449981124956
54 71.7440543601359 55.18120045300113
55 71.7440543601359 55.369950924877315
56 71.7440543601359 55.369950924877315
57 73.15968289920724 55.60588901472254
58 73.15968289920724 55.879577198943
59 73.15968289920724 55.879577198943
60 73.15968289920724 55.879577198943
61 73.15968289920724 55.879577198943
62 73.15968289920724 55.879577198943
63 73.15968289920724 55.94563986409966
64 73.15968289920724 56.106077765194414
65 73.15968289920724 57.07814269535674
66 73.15968289920724 57.07814269535674
67 73.15968289920724 57.389580973952434
68 73.15968289920724 57.389580973952434
69 73.15968289920724 57.72933182332955
70 73.15968289920724 57.84258210645527
71 73.15968289920724 57.84258210645527
72 73.49943374858438 57.89920724801812
73 73.49943374858438 58.852397130992834
74 73.49943374858438 58.852397130992834
75 74.6885617214043 59.05058512646281
76 74.6885617214043 59.05058512646281
77 74.6885617214043 59.17327293318234
78 74.6885617214043 59.39033597583994
79 74.6885617214043 59.692336730841824
80 74.6885617214043 59.692336730841824
81 74.6885617214043 59.692336730841824
82 74.6885617214043 59.692336730841824
83 74.6885617214043 59.692336730841824
84 74.6885617214043 59.7678369195923
85 74.6885617214043 59.79614949037372
86 74.6885617214043 59.815024537561335
87 74.6885617214043 59.815024537561335
88 74.91506228765572 59.852774631936576
89 74.91506228765572 59.852774631936576
90 74.91506228765572 59.852774631936576
91 74.91506228765572 59.852774631936576
92 74.91506228765572 59.852774631936576
93 74.91506228765572 59.852774631936576
94 74.91506228765572 59.852774631936576
95 74.91506228765572 55.67195167987919
96 74.91506228765572 55.7757644394111
97 74.91506228765572 55.80407701019252
98 74.91506228765572 55.80407701019252
99 75.5379388448471 55.90788976972442
